name: storm_control_env
channels:
  - conda-forge
  - david_baddeley
  - defaults
  - anaconda
dependencies:
  - aom=3.5.0=h63175ca_0
  - blas=1.0=mkl
  - blosc=1.21.3=h6c2663c_0
  - brotli=1.0.9=hcfcfb64_9
  - brotli-bin=1.0.9=hcfcfb64_9
  - bzip2=1.0.8=h2bbff1b_6
  - ca-certificates=2024.6.2=h56e8100_0
  - cfitsio=3.470=h0af3d06_7
  - charls=2.2.0=h39d44d4_0
  - dav1d=1.2.1=hcfcfb64_0
  - expat=2.6.2=hd77b12b_0
  - freetype=2.12.1=ha860e81_0
  - giflib=5.2.2=h64bf75a_0
  - icc_rt=2022.1.0=h6049295_2
  - imagecodecs=2023.1.23=py310h6c6a46e_0
  - intel-openmp=2023.1.0=h59b6b97_46320
  - jpeg=9e=h2bbff1b_1
  - lcms2=2.12=h83e58a3_0
  - lerc=3.0=hd77b12b_0
  - libaec=1.1.3=h63175ca_0
  - libavif=0.11.1=ha7b97ba_2
  - libbrotlicommon=1.0.9=hcfcfb64_9
  - libbrotlidec=1.0.9=hcfcfb64_9
  - libbrotlienc=1.0.9=hcfcfb64_9
  - libdeflate=1.17=h2bbff1b_1
  - libffi=3.4.4=hd77b12b_1
  - libpng=1.6.39=h8cc25b3_0
  - libtiff=4.5.1=hd77b12b_0
  - libwebp-base=1.3.2=h2bbff1b_0
  - libzopfli=1.0.3=h0e60522_0
  - lz4-c=1.9.4=h2bbff1b_1
  - mkl=2023.1.0=h6b88ed4_46358
  - mkl-service=2.4.0=py310h2bbff1b_1
  - mkl_fft=1.3.8=py310h2bbff1b_0
  - mkl_random=1.2.4=py310h59b6b97_0
  - numpy=1.26.4=py310h055cbcc_0
  - numpy-base=1.26.4=py310h65a83cf_0
  - openjpeg=2.4.0=h4fc8c34_0
  - openssl=3.3.0=h2466b09_3
  - pillow=10.3.0=py310h2bbff1b_0
  - pip=24.0=py310haa95532_0
  - pybind11-abi=5=hd3eb1b0_0
  - pyserial=3.5=py310haa95532_0
  - python=3.10.14=he1021f5_1
  - pywin32=305=py310h2bbff1b_0
  - scipy=1.13.0=py310h8640f81_0
  - setuptools=69.5.1=py310haa95532_0
  - snappy=1.2.0=hfb803bf_1
  - sqlite=3.45.3=h2bbff1b_0
  - tbb=2021.8.0=h59b6b97_0
  - tifffile=2023.8.12=pyhd8ed1ab_0
  - tk=8.6.14=h0416ee5_0
  - ucrt=10.0.22621.0=h57928b3_0
  - vc=14.2=h2eaa2aa_1
  - vc14_runtime=14.38.33135=h835141b_20
  - vs2015_runtime=14.38.33135=h22015db_20
  - wheel=0.43.0=py310haa95532_0
  - xz=5.4.6=h8cc25b3_1
  - zfp=1.0.1=h63175ca_0
  - zlib=1.2.13=h8cc25b3_1
  - zstd=1.5.5=hd43e919_2
  - pip:
      - certifi==2024.7.4
      - charset-normalizer==3.3.2
      - click==8.1.7
      - colorama==0.4.6
      - contourpy==1.2.1
      - crccheck==1.3.0
      - cycler==0.12.1
      - deprecation==2.1.0
      - enum-compat==0.0.3
      - fonttools==4.53.1
      - hightime==0.2.2
      - idna==3.7
      - ids-peak==1.8.0.0.1
      - ids-peak-ipl==1.12.1.0.1
      - kiwisolver==1.4.5
      - matplotlib==3.9.1
      - nidaqmx==1.0.0
      - packaging==24.1
      - pipython==2.10.2.1
      - pydaqmx==1.4.6
      - pyparsing==3.1.2
      - pyqt5==5.15.10
      - pyqt5-qt5==5.15.2
      - pyqt5-sip==12.13.0
      - pysocket==0.35
      - python-dateutil==2.9.0.post0
      - python-decouple==3.8
      - pyueye==4.96.952
      - pyusb==1.2.1
      - requests==2.32.3
      - six==1.16.0
      - tzdata==2024.1
      - tzlocal==5.2
      - urllib3==2.2.2
prefix: C:\Users\rsn27\AppData\Local\miniconda3\envs\storm_control_env
